name=gg
type=3D Block
origin=0,0,0
modelsize=16
camera=-6.85334,12.3529,9.08599,-36.6,40.1,30
