name=h
type=3D Sprite
origin=0,0,0
camera=3.50991,2.33334,3.17085,-33.3,36.8,30
spritemodel=h,HH.glb,0,0,0,0,0,0,1,-1
